0.000000 0.000000
0.005263 0.000068
0.010526 0.000273
0.015789 0.000615
0.021053 0.001093
0.026316 0.001708
0.031579 0.002459
0.036842 0.003345
0.042105 0.004368
0.047368 0.005526
0.052632 0.006819
0.057895 0.008247
0.063158 0.009810
0.068421 0.011507
0.073684 0.013337
0.078947 0.015300
0.084211 0.017396
0.089474 0.019623
0.094737 0.021982
0.100000 0.024472
0.105263 0.027091
0.110526 0.029840
0.115789 0.032718
0.121053 0.035723
0.126316 0.038855
0.131579 0.042113
0.136842 0.045497
0.142105 0.049004
0.147368 0.052635
0.152632 0.056389
0.157895 0.060263
0.163158 0.064258
0.168421 0.068372
0.173684 0.072604
0.178947 0.076952
0.184211 0.081417
0.189474 0.085996
0.194737 0.090688
0.200000 0.095492
0.205263 0.100406
0.210526 0.105430
0.215789 0.110561
0.221053 0.115799
0.226316 0.121143
0.231579 0.126589
0.236842 0.132138
0.242105 0.137787
0.247368 0.143536
0.252632 0.149382
0.257895 0.155323
0.263158 0.161359
0.268421 0.167488
0.273684 0.173707
0.278947 0.180016
0.284211 0.186412
0.289474 0.192894
0.294737 0.199459
0.300000 0.206107
0.305263 0.212836
0.310526 0.219642
0.315789 0.226526
0.321053 0.233484
0.326316 0.240515
0.331579 0.247617
0.336842 0.254788
0.342105 0.262026
0.347368 0.269329
0.352632 0.276696
0.357895 0.284123
0.363158 0.291609
0.368421 0.299152
0.373684 0.306750
0.378947 0.314401
0.384211 0.322103
0.389474 0.329853
0.394737 0.337650
0.400000 0.345492
0.405263 0.353375
0.410526 0.361299
0.415789 0.369260
0.421053 0.377257
0.426316 0.385288
0.431579 0.393350
0.436842 0.401441
0.442105 0.409560
0.447368 0.417703
0.452632 0.425868
0.457895 0.434054
0.463158 0.442258
0.468421 0.450477
0.473684 0.458710
0.478947 0.466955
0.484211 0.475208
0.489474 0.483468
0.494737 0.491733
0.500000 0.500000
0.505263 0.508267
0.510526 0.516532
0.515789 0.524792
0.521053 0.533045
0.526316 0.541290
0.531579 0.549523
0.536842 0.557742
0.542105 0.565946
0.547368 0.574132
0.552632 0.582297
0.557895 0.590440
0.563158 0.598559
0.568421 0.606650
0.573684 0.614712
0.578947 0.622743
0.584211 0.630740
0.589474 0.638701
0.594737 0.646625
0.600000 0.654508
0.605263 0.662350
0.610526 0.670147
0.615789 0.677897
0.621053 0.685599
0.626316 0.693250
0.631579 0.700848
0.636842 0.708391
0.642105 0.715877
0.647368 0.723304
0.652632 0.730671
0.657895 0.737974
0.663158 0.745212
0.668421 0.752383
0.673684 0.759485
0.678947 0.766516
0.684211 0.773474
0.689474 0.780358
0.694737 0.787164
0.700000 0.793893
0.705263 0.800541
0.710526 0.807106
0.715789 0.813588
0.721053 0.819984
0.726316 0.826293
0.731579 0.832512
0.736842 0.838641
0.742105 0.844677
0.747368 0.850618
0.752632 0.856464
0.757895 0.862213
0.763158 0.867862
0.768421 0.873411
0.773684 0.878857
0.778947 0.884201
0.784211 0.889439
0.789474 0.894570
0.794737 0.899594
0.800000 0.904508
0.805263 0.909312
0.810526 0.914004
0.815789 0.918583
0.821053 0.923048
0.826316 0.927396
0.831579 0.931628
0.836842 0.935742
0.842105 0.939737
0.847368 0.943611
0.852632 0.947365
0.857895 0.950996
0.863158 0.954503
0.868421 0.957887
0.873684 0.961145
0.878947 0.964277
0.884211 0.967282
0.889474 0.970160
0.894737 0.972909
0.900000 0.975528
0.905263 0.978018
0.910526 0.980377
0.915789 0.982604
0.921053 0.984700
0.926316 0.986663
0.931579 0.988493
0.936842 0.990190
0.942105 0.991753
0.947368 0.993181
0.952632 0.994474
0.957895 0.995632
0.963158 0.996655
0.968421 0.997541
0.973684 0.998292
0.978947 0.998907
0.984211 0.999385
0.989474 0.999727
0.994737 0.999932
